8 CORES (yield) =============================================
filter_mutex
total number: 629326
81319
76791
74230
81791
77622
77105
83215
77253
bakery_mutex
total number: 351675
44330
44056
43996
43994
43784
44104
43554
43857
cpp_mutex
total number: 5364940
660766
662838
610706
723941
581639
665342
891632
568076
32 CORES (yield) =============================================
filter_mutex
total number: 107253
4034
3134
2998
3087
3554
3328
3148
3303
3638
3076
3221
3476
3253
3203
3983
3108
2989
3314
3492
3196
3082
4109
3019
3509
3212
3148
3371
3153
4446
3301
3080
3288
bakery_mutex
total number: 23160
724
724
723
723
723
723
724
724
724
724
724
723
723
724
724
724
724
724
724
724
724
724
724
724
724
724
724
723
724
723
724
724
cpp_mutex
total number: 3641573
130898
82171
134387
115504
102047
82380
89041
93622
129326
91911
83432
153373
86445
139863
154137
85008
155062
115353
140088
73261
113972
132449
97299
109813
146891
113245
119291
89629
126116
80646
128853
146060


// server results =================================================
📝 Part 1: Get throughput on filter version


  72987
  70210
  73298
  72122
  total number: 72793
  2015
  2317
  2238
  2298
  2466
  2414
  2355
  2133
  2133
  2199
  2205
  2191
  2281
  2245
  2458
  2267
  2269
  2408
  2228
  2316
  2404
  2213
  2389
  2184
  2193
  1982
  2205
  2246
  2377
  2370
  2373
  2421
  72793
  Avg Throughput of 5 runs: 72282.0 - Minimum expected: 70000
  pass
  
✅ Part 1: Get throughput on filter version

📝 Part 1: Get throughput on bakery version


  87145
  90118
  98539
  105681
  total number: 95279
  2977
  2977
  2977
  2978
  2978
  2977
  2978
  2977
  2977
  2977
  2977
  2977
  2977
  2977
  2977
  2978
  2978
  2978
  2977
  2977
  2978
  2978
  2978
  2977
  2977
  2977
  2978
  2978
  2978
  2978
  2978
  2978
  95279
  Avg Throughput of 5 runs: 95352.4 - Minimum expected: 93000
  pass
  
✅ Part 1: Get throughput on bakery version

📝 Part 1: Get throughput on cpp version


  3953465
  4130196
  4082817
  4105658
  total number: 4094911
  129757
  129962
  129679
  127991
  127013
  124809
  128516
  130974
  125970
  128860
  125294
  129269
  130672
  129227
  129692
  128838
  127791
  127825
  127326
  124856
  125348
  127186
  126536
  126064
  128747
  129396
  127577
  129536
  125879
  126266
  128860
  129195
  4094911
  Avg Throughput of 5 runs: 4073409.4 - Minimum expected: 0
  pass
  
✅ Part 1: Get throughput on cpp version