8 CORES (yield) =============================================
filter_mutex
total number: 629326
81319
76791
74230
81791
77622
77105
83215
77253
bakery_mutex
total number: 351675
44330
44056
43996
43994
43784
44104
43554
43857
cpp_mutex
total number: 5364940
660766
662838
610706
723941
581639
665342
891632
568076
32 CORES (yield) =============================================
filter_mutex
total number: 107253
4034
3134
2998
3087
3554
3328
3148
3303
3638
3076
3221
3476
3253
3203
3983
3108
2989
3314
3492
3196
3082
4109
3019
3509
3212
3148
3371
3153
4446
3301
3080
3288
bakery_mutex
total number: 23160
724
724
723
723
723
723
724
724
724
724
724
723
723
724
724
724
724
724
724
724
724
724
724
724
724
724
724
723
724
723
724
724
cpp_mutex
total number: 3641573
130898
82171
134387
115504
102047
82380
89041
93622
129326
91911
83432
153373
86445
139863
154137
85008
155062
115353
140088
73261
113972
132449
97299
109813
146891
113245
119291
89629
126116
80646
128853
146060
