8 CORES (no yield) =============================================
filter_mutex
total number: 544827
66310
66990
68178
68964
67721
66876
70650
69138
bakery_mutex
total number: 651157
81448
81032
80925
81022
81079
80760
81375
83516
cpp_mutex
total number: 4495737
546936
447715
469227
678030
874949
430885
504988
543007
32 CORES (no yield) =============================================
filter_mutex
total number: 81
5
2
2
4
2
3
3
3
2
2
3
3
2
2
2
3
2
3
2
2
3
3
2
2
2
2
2
3
2
3
2
3
bakery_mutex
total number: 0
0
0
0
0
0
0
0
0
0
0
0
0
0
0
0
0
0
0
0
0
0
0
0
0
0
0
0
0
0
0
0
0
cpp_mutex
total number: 2927698
446935
304013
89857
127980
48068
120491
47904
51332
38991
66417
70491
95505
78646
93891
66471
45711
112565
38085
96102
67690
53538
51773
40480
79944
34949
96890
109642
48982
103913
33720
66645
100077
